image_width: 640
image_height: 480
camera_name: camera
camera_matrix:
  rows: 3
  cols: 3
  data: [680.385846, 0.000000, 287.350709, 0.000000, 685.643772, 281.028531, 0.000000, 0.000000, 1.000000]
distortion_model: plumb_bob
distortion_coefficients:
  rows: 1
  cols: 5
  data: [0.055039, 0.044325, 0.008984, -0.018970, 0.000000]
rectification_matrix:
  rows: 3
  cols: 3
  data: [1.000000, 0.000000, 0.000000, 0.000000, 1.000000, 0.000000, 0.000000, 0.000000, 1.000000]
projection_matrix:
  rows: 3
  cols: 4
  data: [692.357605, 0.000000, 279.191085, 0.000000, 0.000000, 705.911316, 282.743400, 0.000000, 0.000000, 0.000000, 1.000000, 0.000000]
