camera_matrix:
- [426.583512, 0.000000, 308.964505]
- [0.000000, 814.271722, 223.209438]
- [0.0, 0.0, 1.0]
dist_coefs:
- [-0.477731, 0.162638, 0.005566, -0.003685, 0.000000]
rms: 1.0154735070246947
